1     117.327   -0.074    0.0           0  *
2     108.172   -42.985   112.1       0  dmo+24 
3     119.660   10.463    0.0           0  *
5     124.045   -13.017   46.5       19  whx+23 

6     124.648   -8.897    13.0          0  mss+20 
8     125.465   -13.867   0.0           0  *
9     128.991   -49.305   44.4        3  dmo+24 
10    126.283   -3.457    8.3         0  lylg95 

11    134.030   -47.940   43.4        0  dmo+24 
12    134.381   -28.174   30.0          3  whx+23 
13    129.216   -4.044    9.6         0  lylg95 
15    130.719   3.084     0.0           0  *

19    136.903   0.697     14.0        6  zyw+19 
20    158.436   -30.815   76.6        7  dmo+24 

21    168.499   -31.683   42.3       17  dmo+24 
22    150.348   -8.038    7.7         3  whx+23 
24    167.434   -23.384   102.8       0  dmo+24 
25    162.760   -16.006   0.0           0  *

26    156.112   -8.620    12.2        4  whx+23 
27    148.190   0.811     8.7         3  wys+24 
28    148.231   0.883     0.0           0  *
29    152.428   -3.177    24.3        6  whx+23 
30    152.617   7.547     28.9        2  whx+23 

31    160.363   3.077     23.9        4  whx+23 
32    249.515   -35.365   30.60       0  sjk+21 
33    182.176   -9.012    39.3        9  whx+23 
35    155.916   9.557     18.3       13  whx+23 
 
37    184.557   -5.784    7.3         0  dmo+24 
38    179.719   -1.686    21.2        0  dmo+24 
40    184.363   -3.318    16.9        3  whx+23 

42    179.058   2.697     0.0           0  *
43    193.366   -1.569    30.2       10  whx+23 
44    175.442   9.080     26.7        9  dmo+24 
45    175.336   9.239     25.7       12  dmo+24 

46    206.246   -5.058    5.40       10  whx+23 
47    175.877   10.958    0.0           0  *
48    202.190   -0.851    16.9        7  whx+23 
49    188.817   6.223     22.3        3  dmo+24 
50    211.220   -5.020    28.0        8  whx+23 

51    204.678   -1.238    0.0           0  *
52    201.219   0.450     19.5        2  whx+23 
53    205.093   -0.932    0.0           0  *
54    195.134   4.266     0.0           0  *
55    204.233   3.277     32.9       14  whx+23 

56    213.374   1.688     0.0           0  *
57    201.108   8.258     31.7        4  whx+23 
58    206.674   8.776     62.3        0  dmo+24 
59    231.473   -0.330    10.0          0  pkj+21 
60    230.392   1.424     18.0          0  pkj+21 

61    233.760   -0.341    25.0          0  pkj+21 
62    238.713   -2.030    58.0          0  pkj+21 
63    232.062   2.016     0.0           0  *
64    237.685   -0.318    28.0          0  pkj+21 
65    243.773   -2.444    7.2         0  pkj+21 

66    241.334   -0.743    0.0           0  *
67    269.950   -13.239   0.0           0  * 
69    183.655   31.232    43.0          3  whx+23 
70    200.884   27.480    109.2       0  dmo+24 

71    173.626   33.453    19.3        2  whx+23 
72    258.749   -2.734    175.0         0  pkj+21 
73    253.965   2.561     913.0         0  mss+20 
74    262.285   -2.694    16.0          0  pkj+21 
75    260.886   -1.036    0.0           0  *

76    257.076   1.990     11.0          0  pkj+21 
77    263.552   -2.787    3.8         0  pkj+21 
78    260.904   -0.336    18.0          0  hfs+04 
79    259.606   0.928     0.0           0  *
80    267.182   -4.101    13.0          0  pkj+21 

81    268.496   -4.898    11.0          0  pkj+21 
82    257.190   4.710     75.0          0  pkj+21 
83    263.444   0.158     82.0          0  pkj+21 
84    266.967   -1.004    0.0           0  *
85    267.116   -1.193    24.0          0  pkj+21 

86    265.457   0.822     18.0          0  pkj+21 
87    267.404   -0.004    35.0          0  pkj+21 
88    265.074   2.859     31.0          0  pkj+21 
89    267.239   1.010     190.0         0  pkj+21 
90    271.633   -2.854    11.0          0  pkj+21 

91    272.151   -3.031    23.0          0  pkj+21 
92    270.265   -1.019    4.4         0  pkj+21 
93    225.420   36.392    25.4        0  dmo+24 
94    272.237   0.160     26.0          0  pkj+21 
95    274.712   -1.930    23.0          0  pkj+21 

96    278.394   -5.595    82.0          0  pkj+21 
97    275.885   -1.375    93.0          0  lfl+06 
98    275.690   -0.700    42.0          0  pkj+21 
99    277.510   -1.292    10.0          0  pkj+21 
100   276.446   0.092     24.0          0  pkj+21 

101   278.569   -2.232    46.0          0  pkj+21 
102   279.345   -2.990    13.0          0  pkj+21 
103   180.437   49.375    65.0       12  whx+23 
104   274.199   3.674     11.0          0  pkj+21 
105   278.998   -0.101    18.0          0  pkj+21 

106   278.264   1.159     30.0          0  pkj+21 
107   279.448   0.227     6.4         0  pkj+21 
108   278.107   2.603     8.7         0  pkj+21 
109   280.226   0.085     27.0          0  pkj+21 
110   280.691   -0.648    55.0          0  pkj+21 

111   282.945   -3.548    136.0         0  pkj+21 
112   280.901   -0.503    0.0           0  *
113   283.459   -1.762    0.0           0  *
114   283.707   -2.146    22.0          0  pkj+21 
115   284.130   -2.596    36.0          0  pkj+21 

116   283.088   -0.578    63.0          0  pkj+21 
117   281.201   2.450     16.0          0  pkj+21 
118   283.708   -1.363    0.0           0  *
119   284.079   -1.880    0.0           0  *
120   198.432   56.273    198.0         4  whx+23 

121   282.732   0.341     13.0          0  pkj+21 
122   283.837   -0.679    0.0           0  *
123   284.719   -1.944    34.0          0  pkj+21 
124   285.302   -2.848    26.0          0  lfl+06 
125   283.041   0.935     0.0           0  *

126   284.347   -0.834    0.0           0  *
127   284.166   -0.407    0.0           0  *
128   285.065   -0.496    0.0           0  *
129   286.880   -2.881    0.0           0  *
130   282.354   5.128     68.0          0  pkj+21 

131   285.920   -1.010    17.0          0  hfs+04 
132   288.528   -4.765    13.0          0  pkj+21 
133   286.284   -0.023    21.0          0  pkj+21 
134   285.192   2.998     38.0          0  pkj+21 
135   288.221   -2.106    12.0          0  pkj+21 

136   286.574   1.163     0.0           0  *
137   287.065   0.733     14.0          0  pkj+21 
138   287.427   0.577     13.0          0  pkj+21 
139   287.473   0.485     409.0         0  pkj+21 
140   287.628   0.649     54.0          0  pkj+21 

141   288.549   -0.400    0.0           0  *
142   290.294   -3.881    0.0           0  *
143   288.729   -0.100    6.1         0  pkj+21 
144   290.889   -4.784    34.0          0  pkj+21 
145   289.109   -0.650    0.0           0  *

146   289.133   -0.745    9.0         0  pkj+21 
147   290.081   -2.660    14.0          0  kbm+03 
148   287.835   2.311     0.0           0  *
149   290.292   -2.966    36.0          0  pkj+21 
150   285.984   6.649     18.0          0  pkj+21 

151   288.609   0.805     0.0           0  *
152   289.241   -0.123    21.0          0  pkj+21 
153   288.345   1.948     31.0          0  pkj+21 
154   289.994   -0.294    8.9         0  pkj+21 
155   290.331   -0.828    14.0          0  pkj+21 

156   290.239   -0.399    0.0           0  *
157   290.489   -0.846    4.1         0  pkj+21 
158   291.992   -4.031    42.0          0  pkj+21 
159   289.944   1.106     170.0         0  lfl+06 
160   290.249   0.515     80.0          0  tml93 

161   290.921   -1.316    50.0          0  kbm+03 
162   289.279   3.533     28.0          0  pkj+21 
163   291.022   -0.109    0.0           0  *
164   291.221   -0.462    0.0           0  *
165   293.190   -5.233    21.0          0  pkj+21 

166   291.443   -0.321    67.0          0  pkj+21 
167   291.565   -0.126    10.0          0  mlc+01 
168   292.102   -1.028    26.0          0  pkj+21 
169   293.167   -3.719    0.0           0  *
170   292.151   -0.537    56.0          0  pkj+21 

171   290.082   5.873     26.0          0  pkj+21 
172   292.509   0.049     24.0          0  pkj+21 
173   293.183   -1.783    14.0          0  pkj+21 
174   294.469   -5.442    23.0          2  dsb+98 
175   291.209   4.246     0.0           0  *

176   292.038   1.752     0.0           0  *
177   293.747   -3.036    0.0           0  *
178   292.833   0.292     9.3         0  pkj+21 
179   293.495   -0.972    0.0           0  *
180   292.460   2.778     7.2         0  kbm+03 

181   292.755   1.830     0.0           0  *
182   292.110   4.741     6.3         0  pkj+21 
183   294.213   -1.296    349.0         0  pkj+21 
184   293.794   0.584     0.0           0  *
185   295.793   -5.167    118.0         0  pkj+21 

186   294.506   -0.463    0.0           0  *
187   294.758   -1.067    0.0           0  *
188   295.791   -3.863    15.0          0  pkj+21 
189   295.110   -0.675    37.0          0  pkj+21 
190   295.186   -0.438    31.0          0  pkj+21 

191   294.977   1.343     14.0          0  pkj+21 
192   294.507   4.418     68.0          0  lfl+06 
193   296.177   -2.214    0.0           0  *
194   295.814   0.909     13.55       0  sjk+21 
195   295.126   3.961     0.0           0  *

196   295.716   1.843     19.0          0  pkj+21 
197   296.467   -0.681    0.0           0  *
198   295.448   4.949     17.0          0  hfs+04 
199   296.705   -0.199    38.0          0  pkj+21 
200   297.295   -1.866    245.0         0  pkj+21 

201   297.309   -0.793    0.0           0  *
202   296.528   3.919     15.0          0  pkj+21 
203   297.411   -0.349    0.0           0  *
204   297.990   -0.178    0.0           0  *
205   298.774   -3.292    75.0          0  pkj+21 

206   298.470   -0.888    22.0          0  pkj+21 
207   298.065   4.012     17.0          0  pkj+21 
208   298.920   0.202     0.0           0  *
209   299.444   -0.652    77.0          0  pkj+21 
210   299.102   5.020     17.0          0  pkj+21 

211   299.818   0.565     21.0          0  mlc+01 
212   299.984   -1.415    8.2         0  pkj+21 
213   299.748   2.117     8.0         0  pkj+21 
214   300.131   -1.414    21.0          0  pkj+21 
215   299.668   11.526    0.0           0  *

216   300.644   -0.273    0.0           0  *
217   300.865   -2.404    0.0           0  *
218   300.915   -0.406    0.0           0  *
219   300.968   -0.945    0.0           0  *
220   301.231   -1.088    0.0           0  *

221   295.065   60.650    113.0         7  whx+23 
222   301.584   -4.591    39.0          0  pkj+21 
224   301.879   -5.693    38.0          0  pkj+21 
225   301.876   5.260     74.0          0  kbm+03 

226   302.051   -1.532    8.0         0  pkj+21 
227   302.227   -2.658    0.0           0  *
228   302.233   0.215     76.0          0  pkj+21 
229   302.637   -0.866    0.0           0  *
230   302.771   -2.251    0.0           0  *

231   303.075   -0.371    40.0          0  pkj+21 
232   303.200   4.526     12.0          0  pkj+21 
233   303.298   1.022     0.0           0  *
234   303.466   1.348     19.0          0  pkj+21 
235   303.688   -4.834    26.0          0  pkj+21 

236   304.100   -0.244    0.0           0  *
237   304.064   -0.328    0.0           0  *
238   304.157   -0.379    0.0           0  *
239   304.184   -0.992    30.1        0  mj95 
240   304.240   -0.241    72.0          0  pkj+21 

241   304.561   0.772     31.0          0  pkj+21 
242   304.526   -0.116    0.0           0  *
243   304.410   -2.093    49.0          0  pkj+21 
244   304.686   0.119     0.0           0  *
245   304.462   -3.463    58.0          0  pkj+21 

246   304.781   -0.497    0.0           0  *
247   305.130   4.062     13.0          0  pkj+21 
248   304.867   -1.462    0.0           0  *
249   304.758   -2.628    0.0           0  *
250   305.195   -1.235    50.0          0  pkj+21 

251   305.710   1.727     86.0          0  kbm+03 
252   305.848   0.191     180.0         0  cmk01 
253   306.428   4.701     0.0           0  *
254   305.908   -0.328    25.0          0  pkj+21 
255   306.314   1.742     12.0          0  pkj+21 

256   306.311   1.597     27.0          0  pkj+21 
257   306.778   3.265     21.0          0  pkj+21 
258   306.489   -0.041    13.0          0  pkj+21 
259   306.367   -0.828    0.0           0  *
260   306.859   0.851     0.0           0  *

261   306.638   -0.404    0.0           0  *
262   307.504   3.565     23.0          0  pkj+21 
263   306.748   -1.534    43.0          0  pkj+21 
264   306.310   -4.369    55.0          0  pkj+21 
265   307.074   0.204     18.0          0  pkj+21 

266   306.966   -0.429    19.0          0  pkj+21 
267   306.836   -1.403    120.0         0  mlc+01 
268   307.334   0.567     0.0           0  *
269   308.520   3.749     6.5         0  pkj+21 
270   308.095   -0.696    0.0           0  *

271   308.372   0.306     196.0         0  pkj+21 
272   307.786   -3.889    35.0          0  pkj+21 
273   308.047   -2.557    20.0          0  pkj+21 
274   309.035   1.888     18.0          0  pkj+21 
275   308.730   -0.035    28.0          0  pkj+21 

276   309.341   1.216     0.0           0  *
277   309.414   0.928     33.0          0  pkj+21 
278   309.914   2.318     20.0          0  pkj+21 
279   309.353   -0.962    0.0           0  *
280   309.813   0.587     15.0          0  pkj+21 

281   309.734   -0.343    0.0           0  *
282   308.614   -5.866    41.0          0  pkj+21 
283   310.070   -0.832    0.0           0  *
284   311.425   4.022     57.0          0  lfl+06 
285   311.069   2.431     45.0          0  pkj+21 

286   310.332   -0.156    0.0           0  *
287   309.923   -2.514    31.0          0  lfl+06 
288   311.062   1.400     0.0           0  *
289   311.239   1.126     5.4         0  pkj+21 
290   310.569   -2.139    17.0          0  pkj+21 

291   310.929   -1.423    34.0          0  pkj+21 
292   355.078   67.115    60.0          3  whx+23 
293   312.971   4.737     22.0          0  pkj+21 
294   312.673   3.345     0.0           0  *
295   311.841   0.203     0.0           0  *

296   312.130   0.681     0.0           0  *
297   311.810   -0.354    0.0           0  *
299   312.195   -0.092    0.0           0  *
300   312.597   0.140     21.0          0  pkj+21 

301   312.324   -0.366    32.0          0  pkj+21 
302   312.462   -0.337    57.0          0  jw06 
303   312.373   -0.736    0.0           0  *
304   312.241   -0.988    55.0          0  pkj+21 
305   312.053   -1.718    8.5         0  pkj+21 

306   311.234   -4.846    14.0          0  pkj+21 
307   313.179   0.535     19.0          0  pkj+21 
308   313.706   1.287     0.0           0  *
309   313.325   0.135     0.0           0  *
310   313.541   0.227     15.0          0  pkj+21 

311   313.521   -0.655    0.0           0  *
312   315.718   4.614     34.0          0  pkj+21 
313   314.897   2.310     21.0          0  pkj+21 
314   312.741   -3.561    89.0          0  pkj+21 
315   315.382   3.186     12.0          0  pkj+21 

316   315.217   2.613     0.0           0  *
317   313.630   -1.258    16.0          0  pkj+21 
318   316.427   4.796     22.0          0  pkj+21 
319   315.261   1.299     0.0           0  *
320   315.046   0.947     0.0           0  *

321   312.653   -5.404    24.0          0  pkj+21 
322   315.092   -0.197    0.0           0  *
323   315.396   0.256     0.0           0  *
324   315.310   -0.130    0.0           0  *
325   315.577   0.391     34.0          0  pkj+21 

326   315.101   -1.422    0.0           0  *
327   314.646   -3.384    21.0          0  pkj+21 
328   315.646   -1.505    0.0           0  *
329   316.791   0.098     79.0          0  mlc+01 
330   316.400   -0.544    0.0           0  *

331   317.793   1.548     0.0           0  *
332   317.720   0.664     27.0          0  kbm+03 
333   318.087   0.398     0.0           0  *
334   317.296   -1.169    16.0          0  pkj+21 
335   315.733   -4.427    7.9         0  pkj+21 

336   318.561   -0.027    0.0           0  *
337   318.538   -0.037    14.0          0  pkj+21 
338   317.886   -1.791    0.0           0  *
339   356.582   48.051    13.1        9  whx+23 
340   320.181   1.810     0.0           0  *
 
342   320.186   1.505     14.0          0  hfs+04 
343   319.395   0.133     0.0           0  *
344   317.921   -2.483    58.0          0  pkj+21 
345   320.671   1.849     21.0          0  pkj+21 

346   319.972   -0.621    0.0           0  *
347   319.228   -1.815    0.0           0  *
348   322.598   3.177     7.0         0  pkj+21 
349   320.289   -0.508    46.0          0  pkj+21 
350   322.486   2.920     145.0         0  pkj+21 

351   320.772   -0.108    15.0          0  pkj+21 
352   321.097   0.105     30.0          0  pkj+21 
353   320.321   -1.162    37.0          0  pkj+21 
354   319.970   -1.697    0.0           0  *
355   320.284   -1.482    0.0           0  *

356   321.389   0.281     0.0           0  *
357   323.383   2.675     0.0           0  *
358   321.800   -0.238    82.0          0  lfl+06 
359   319.876   -3.216    40.0          0  pkj+21 
360   318.743   -4.895    39.0          0  pkj+21 

361   323.231   1.397     30.0          0  pkj+21 
362   322.052   -0.415    0.0           0  *
363   321.630   -1.215    27.0          0  pkj+21 
364   323.000   0.351     17.0          0  pkj+21 
365   322.568   -0.186    40.0          0  pkj+21 

366   321.907   -1.201    0.0           0  *
367   324.258   2.078     11.0          0  pkj+21 
368   323.286   0.565     0.0           0  *
369   323.136   0.093     0.0           0  *
370   323.638   0.590     39.0          0  pkj+21 

371   322.166   -1.752    0.0           0  *
372   66.234    54.887    90.0       19  whx+23 
373   325.006   2.009     0.0           0  *
374   323.678   0.173     0.0           0  *
375   325.328   2.347     16.0          0  pkj+21 

376   323.897   0.033     8.3         0  pkj+21 
377   325.780   2.434     0.0           0  *
378   325.715   1.944     48.0          0  pkj+21 
379   325.463   1.483     20.0          0  pkj+21 
380   325.194   0.757     0.0           0  *

381   322.797   -2.406    10.0          0  pkj+21 
382   325.374   0.980     66.0          0  mlc+01 
383   322.722   -2.734    0.0           0  *
384   328.704   5.181     32.0          0  pkj+21 
385   327.088   3.035     45.0          0  pkj+21 

386   324.283   -0.943    0.0           0  *
387   37.318    52.391    121.3       7  dmo+24 
388   325.645   0.679     0.0           0  *
389   325.219   0.134     0.0           0  *
390   324.912   -0.299    0.0           0  *

391   324.378   -0.871    0.0           0  *
392   323.865   -1.617    12.0          0  pkj+21 
393   323.672   -1.843    145.0         0  kbm+03 
394   329.428   5.541     44.0          0  pkj+21 
395   325.256   0.077     0.0           0  *

396   324.621   -0.806    19.0          0  pkj+21 
397   324.109   -1.891    27.0          0  mlc+01 
398   325.424   -0.337    0.0           0  *
399   328.567   3.577     11.0          0  pkj+21 
400   327.913   2.827     59.0          0  hfs+04 

401   327.073   1.578     71.0          0  pkj+21 
402   328.925   3.725     0.0           0  *
403   326.025   -0.044    52.0          0  pkj+21 
404   327.271   1.320     11.0          0  pkj+21 
405   327.469   1.301     18.0          0  pkj+21 

406   324.663   -2.601    61.0          0  pkj+21 
407   324.167   -3.243    42.0          0  kbm+03 
408   329.956   3.900     18.0         0  pkj+21 
409   325.858   -1.359    22.0          0  pkj+21 
410   330.495   4.305     12.0          0  pkj+21 

411   325.198   -2.420    0.0           0  *
412   328.144   1.198     23.0          0  pkj+21 
413   327.780   0.737     0.0           0  *
414   328.033   0.669     0.0           0  *
415   327.186   -0.901    130.0         0  tml93 

416   329.006   1.194     0.0           0  *
417   327.087   -1.175    0.0           0  *
418   328.117   -0.436    0.0           0  *
419   328.100   -0.870    0.0           0  *
420   325.731   -3.604    22.0          0  pkj+21 

421   327.236   -2.025    24.0          0  hfs+04 
422   330.690   1.631     13.0          0  pkj+21 
423   325.971   -3.697    23.0          0  pkj+21 
424   325.057   -4.798    146.0         0  lfl+06 
425   329.448   0.065     0.0           0  *

426   328.935   -0.628    0.0           0  *
427   331.374   2.070     0.0           0  *
428   330.688   1.285     26.0          0  pkj+21 
429   326.884   -3.309    7.3         0  pkj+21 
430   333.399   3.814     21.0          0  pkj+21 

431   332.152   2.442     12.0          0  pkj+21 
432   330.201   0.031     0.0           0  *
433   329.732   -0.484    78.0          0  pkj+21 
434   330.884   0.213     0.0           0  *
435   334.760   3.986     7.1         0  pkj+21 

436   330.867   -0.179    0.0           0  *
437   332.278   1.050     155.0         0  pkj+21 
438   330.212   -1.061    0.0           0  *
440   333.621   2.421     0.0           0  *

441   332.590   1.141     57.0          0  pkj+21 
442   330.923   -0.482    2.8         0  pkj+21 
443   326.465   -5.409    5.9         0  pkj+21 
444   331.400   -0.187    0.0           0  *
445   334.573   2.835     14.0          0  pkj+21 

446   331.197   -0.784    0.0           0  *
447   330.962   -1.088    0.0           0  *
448   332.206   0.172     37.0          0  hfs+04 
449   331.619   -0.576    0.0           0  *
450   330.040   -2.247    0.0           0  *

451   331.765   -0.539    0.0           0  *
452   329.578   -2.768    15.0          0  pkj+21 
453   329.039   -3.464    22.0          0  pkj+21 
454   332.226   -0.337    0.0           0  *
455   331.524   -1.038    0.0           0  *

457   338.524   5.924     80.0          0  pkj+21 
458   335.842   3.139     17.0          0  pkj+21 
459   335.037   2.184     15.0          0  pkj+21 

461   333.888   0.408     0.0           0  *
462   330.467   -2.943    0.0           0  *
463   333.084   -0.490    42.0          0  pkj+21 
464   331.718   -2.045    35.0          0  pkj+21 
465   338.332   4.340     41.0          0  pkj+21 

466   338.122   4.198     15.0          0  pkj+21 
467   335.138   1.171     43.0         0  pkj+21 
468   333.911   -0.013    0.0           0  *
469   338.890   4.620     29.0          0  hfs+04 
470   334.003   -0.214    31.0          0  mlc+01 

471   333.716   -0.307    0.0           0  *
472   340.558   6.149     0.0           0  *
473   338.069   3.677     51.0          0  pkj+21 
474   336.616   2.265     197.0         0  lfl+06 
475   335.874   1.393     0.0           0  *

476   334.690   0.145     0.0           0  *
477   337.346   2.367     24.0          0  pkj+21 
478   335.530   0.636     0.0           0  *
479   336.352   1.250     23.0          0  lfl+06 
480   335.137   0.150     170.0         0  cmk01 

481   330.074   -4.756    24.0          0  pkj+21 
482   69.239    43.616    103.3       7  whx+23 
483   335.766   0.461     255.0         0  mlc+01 
484   335.488   0.180     0.0           0  *
485   336.498   0.787     19.0          0  pkj+21 

486   336.403   0.562     0.0           0  *
488   340.596   4.332     28.0          0  lfl+06 
489   338.343   2.002     0.0           0  *
490   337.527   1.100     42.0          0  pkj+21 

491   336.296   0.080     0.0           0  *
492   336.080   -0.209    0.0           0  *
493   338.725   1.982     30.0          0  pkj+21 
494   336.290   -0.110    0.0           0  *
495   334.698   -1.569    21.0          0  pkj+21 

496   334.171   -2.290    39.0          0  lfl+06 
497   41.998    39.747    70.8        3  dmo+24 
498   338.731   1.475     0.0           0  *
499   335.391   -1.570    95.0          0  pkj+21 
500   339.180   1.799     0.0           0  *

501   336.700   -0.515    0.0           0  *
502   335.641   -1.561    0.0           0  *
503   340.182   2.300     0.0           0  *
504   339.249   1.476     107.0         0  lfl+06 
505   338.478   0.761     5.9         0  pkj+21 

506   337.788   0.312     0.0           0  *
507   337.304   -0.117    0.0           0  *
508   336.710   -0.831    0.0           0  *
509   63.774    41.866    23.9       15  whx+23 
510   344.264   5.764     70.0          0  pkj+21 

511   343.005   4.744     0.0           0  *
512   340.191   2.081     0.0           0  *
513   339.768   1.730     0.0           0  *
514   338.343   0.543     0.0           0  *
515   337.364   -0.296    132.0         0  lfl+06 

516   333.702   -3.740    29.0          0  pkj+21 
517   340.023   1.875     35.0          0  kbm+03 
518   338.500   0.459     17.0          0  pkj+21 
519   338.114   -0.215    0.0           0  *
520   337.713   -0.439    81.0          0  pkj+21 

521   335.829   -2.218    0.0           0  *
522   333.291   -4.557    0.0           0  *
523   31.260    34.360    43.5        6  dmo+24 
524   339.728   0.547     19.0          0  lfl+06 
525   339.492   0.406     0.0           0  *

526   339.115   0.105     28.0          0  pkj+21 
527   339.193   -0.195    13.32       3  zyw+19 
528   338.435   -0.808    0.0           0  *
529   341.603   1.374     0.0           0  *
530   341.105   0.968     70.0          0  cmk01 

531   335.276   -3.929    24.0          0  lfl+06 
532   340.349   0.009     0.0           0  *
533   339.438   -0.794    0.0           0  *
534   345.815   4.195     32.0          0  pkj+21 
535   341.360   0.595     192.0         0  pkj+21 

536   339.019   -1.380    0.0           0  *
537   338.538   -1.759    0.0           0  *
538   343.291   1.997     13.0          0  pkj+21 
539   341.623   0.485     0.0           0  *
540   340.559   -0.351    19.0          0  pkj+21 

541   339.782   -0.946    0.0           0  *
542   337.248   -3.108    0.0           0  *
543   342.458   0.923     152.0         0  pkj+21 
544   340.506   -0.719    0.0           0  *
545   335.014   -5.172    22.0          0  pkj+21 

546   341.564   -0.088    0.0           0  *
547   345.878   3.268     14.0          0  pkj+21 
548   344.422   2.107     161.0         0  lfl+06 
549   342.636   0.629     35.0          0  pkj+21 
550   342.281   0.380     0.0           0  *

551   337.936   -3.256    0.0           0  *
552   347.147   4.018     32.0          0  pkj+21 
553   343.609   1.247     0.0           0  *
554   342.761   0.565     0.0           0  *
555   346.046   2.906     0.0           0  *

556   348.013   4.245     36.0          0  pkj+21 
557   55.344    37.124    42.0          4  whx+23 
558   341.743   -1.006    31.0          0  pkj+21 
559   342.933   -0.214    0.0           0  *
560   337.602   -4.554    27.0          0  pkj+21 

561   343.000   -0.547    0.0           0  *
562   341.881   -1.361    0.0           0  *
563   351.055   5.489     49.0          0  pkj+21 
564   348.679   3.672     60.0          0  lfl+06 
565   346.161   1.826     0.0           0  *

566   345.488   1.234     27.0          0  lfl+06 
567   338.008   -4.538    79.0          0  kbm+03 
568   347.755   2.833     105.0         0  hfs+04 
569   341.360   -2.177    42.0          0  pkj+21 
570   337.835   -4.841    0.0           0  *

571   346.203   1.401     0.0           0  *
572   344.744   0.123     36.0          0  pkj+21 
573   344.078   -0.329    0.0           0  *
574   343.405   -0.814    0.0           0  *
575   343.352   -0.852    23.0          0  jw06 

576   342.378   -1.701    0.0           0  *
577   351.786   5.387     49.0          0  pkj+21 
578   342.235   -1.916    56.0          0  pkj+21 
579   338.986   -4.515    55.0          0  pkj+21 
580   3.189     13.026    14.0          0  pkj+21 

581   350.721   3.975     21.0          0  pkj+21 
582   346.548   0.845     0.0           0  *
583   346.341   0.718     34.0          0  pkj+21 
584   345.291   -0.042    0.0           0  *
585   347.387   1.301     0.0           0  *

586   343.758   -1.375    0.0           0  *
587   345.718   -0.197    79.0          0  hfs+04 
588   343.521   -1.915    28.0          0  pkj+21 
589   343.041   -2.278    287.0         0  pkj+21 
590   340.424   -4.135    42.0          0  pkj+21 

591   351.083   3.407     35.0          0  hfs+04 
592   347.776   1.123     0.0           0  *
593   342.220   -3.006    37.0          0  hfs+04 
594   349.578   2.095     33.0          0  pkj+21 
595   347.709   0.832     0.0           0  *

596   343.706   -2.193    0.0           0  *
597   343.098   -2.686    13.0          0  pkj+21 
598   345.330   -1.195    0.0           0  *
599   348.197   0.591     0.0           0  *
600   344.145   -2.244    16.0          0  lfl+06 

601   348.101   0.207     0.0           0  *
602   71.880    35.367    33.8       11  whx+23 
603   353.211   3.296     0.0           0  *
604   349.757   0.886     0.0           0  *
605   348.194   -0.348    128.0         0  lfl+06 

606   348.101   -0.320    0.0           0  *
607   346.913   -1.276    123.0         0  jbv+19 
608   344.951   -2.562    0.0           0  *
609   349.596   0.519     105.0         0  mlc+01 
610   347.418   -1.155    0.0           0  *

611   346.529   -1.795    33.0          0  pkj+21 
612   352.120   2.025     40.0          0  pkj+21 
613   349.491   0.182     68.0          0  pkj+21 
614   348.551   -0.494    0.0           0  *
615   347.655   -1.157    367.0         0  lfl+06 

616   347.016   -1.695    0.0           0  *
617   346.937   -1.574    0.0           0  *
618   346.759   -1.893    14.0          0  khs+14 
619   349.928   0.237     0.0           0  *
620   348.951   -0.432    12.0          0  pkj+21 

621   343.022   -4.584    36.0          0  lfl+06 
622   347.653   -1.533    14.0          0  pkj+21 
623   345.341   -3.325    8.3         0  pkj+21 
624   356.505   4.248     34.0          0  pkj+21 
625   350.332   0.100     21.0          0  pkj+21 

626   351.687   0.670     69.0          0  hfs+04 
627   59.246    32.644    30.5       16  dmo+24 
628   354.561   2.525     20.0          0  pkj+21 
629   350.934   -0.001    39.0          0  pkj+21 
630   350.490   -0.507    9.7         0  pkj+21 

631   344.843   -4.319    7.0         0  pkj+21 
632   357.482   4.015     0.0           0  *
633   350.682   -0.409    17.0          0  pkj+21 
634   355.142   2.228     0.0           0  *
635   352.437   0.380     0.0           0  *

636   344.182   -5.121    38.0          0  lfl+06 
637   357.636   3.803     79.0          0  lfl+06 
638   351.979   -0.153    97.0          0  pkj+21 
639   349.384   -1.741    0.0           0  *
640   347.874   -2.920    99.0          0  kbm+03 

641   352.252   -0.072    0.0           0  *
642   351.422   -0.802    66.0          0  mlc+01 
643   348.481   -2.711    0.0           0  *
644   358.945   4.053     112.0         0  pkj+21 
645   350.842   -1.656    18.0          0  mlc+01 

646   348.375   -3.218    120.0         0  lfl+06 
647   358.123   2.819     44.0          0  lfl+06 
648   354.133   0.090     31.0          0  pkj+21 
649   354.135   -0.004    0.0           0  *
650   356.233   1.354     0.0           0  *

651   342.565   -7.669    24.0          0  pkj+21 
652   356.307   1.007     0.0           0  *
653   353.818   -0.507    33.0          0  lfl+06 
654   351.288   -2.211    73.0          0  kbm+03 
655   347.980   -4.462    24.0          0  hfs+04 

656   347.589   -4.709    0.0           0  *
657   4.029     5.749     84.3        0  lylg95 
658   1.428     4.092     57.0          0  lfl+06 
659   358.857   2.402     20.0          0  lfl+06 
660   357.320   1.301     0.0           0  *

661   354.917   -0.238    0.0           0  *
662   351.577   -2.284    57.0          0  pkj+21 
663   349.267   -3.894    17.0          0  pkj+21 
664   2.678     4.551     49.0          0  mss+20 
665   355.478   -0.381    0.0           0  *

666   2.331     3.775     103.0         0  lfl+06 
667   359.446   2.036     0.0           0  *
668   359.142   1.764     0.0           0  *
669   354.325   -1.177    0.0           0  *
670   353.614   -1.598    0.0           0  *

671   357.298   0.373     31.0          0  pkj+21 
672   356.744   0.145     0.0           0  *
673   355.308   -0.795    0.0           0  *
674   353.175   -2.268    16.0          0  pkj+21 
675   3.731     4.280     69.0          0  lfl+06 

676   0.940     2.544     0.0           0  *
677   358.378   0.724     62.0          0  mhl+02 
678   357.358   0.100     0.0           0  *
679   356.466   -0.491    25.0          0  pkj+21 
680   355.525   -1.003    0.0           0  *

681   30.261    18.858    15.1        3  whx+23 
682   2.327     3.027     0.0           0  *
683   359.206   1.064     10.0          0  pkj+21 
684   358.085   0.336     7.6         0  pkj+21 
685   357.680   0.152     0.0           0  *

686   357.096   -0.220    98.0          0  pkj+21 
687   356.739   -0.547    0.0           0  *
688   350.039   -4.690    19.0          0  lfl+06 
689   34.011    20.268    19.0          0  pkj+21 
690   2.212     2.633     0.0           0  *

691   358.294   0.238     10.0          0  pkj+21 
692   357.811   -0.132    32.0          0  pkj+21 
693   355.564   -1.436    23.0          0  hfs+04 
694   6.422     4.907     45.96       0  sjk+21 
695   0.907     1.604     30.0          0  lfl+06 

696   0.636     1.582     55.0          0  mhl+02 
697   358.798   0.380     0.0           0  *
698   358.346   0.130     111.0         0  mhl+02 
699   350.555   -4.749    25.0          0  pkj+21 
700   355.851   -1.691    0.0           0  *

701   350.209   -5.135    120.0         0  lfl+06 
702   21.649    13.400    21.7        9  whx+23 
703   3.333     2.640     0.0           0  *
704   357.298   -1.149    66.0          0  pkj+21 
705   357.220   -1.109    0.0           0  *

706   4.463     2.937     59.0          5  dsb+98 
707   357.640   -1.059    28.0          0  pkj+21 
708   350.908   -5.155    6.2         0  pkj+21 
709   37.375    20.301    71.0          5  whx+23 
710   24.409    14.066    0.0           0  *

711   23.838    14.025    21.0          2  whx+23 
712   5.470     3.422     0.0           0  *
713   358.553   -0.963    21.0          0  pkj+21 
714   23.609    13.483    0.0           0  *
715   356.957   -2.175    0.0           0  *

716   2.054     0.758     0.0           0  *
717   0.971     0.121     0.0           0  *
718   359.305   -0.841    0.0           0  *
719   7.728     3.801     0.0           0  *
720   3.955     1.564     0.0           0  *

721   0.912     -0.190    0.0           0  *
722   4.828     1.967     0.0           0  *
723   2.505     0.593     0.0           0  *
724   359.459   -1.244    88.0          0  hfs+04 
725   7.591     3.331     432.0         0  lfl+06 

726   4.291     1.185     19.0          0  mhl+02 
727   4.136     1.255     0.0           0  *
728   357.982   -2.516    85.0         0  pkj+21 
729   355.314   -4.082    114.0         0  pkj+21 
730   3.852     0.692     0.0           0  *

731   356.829   -3.382    34.0          0  pkj+21 
732   4.930     1.039     0.0           0  *
733   1.540     -0.961    12.0          0  pkj+21 
734   1.267     -0.976    20.0          0  mhl+02 
735   9.251     3.412     14.0          0  lfl+06 

736   6.299     1.663     8.6         6  kkl+09 
737   4.274     0.512     93.2        0  lylg95 
738   359.862   -2.332    0.0           0  *
739   355.994   -4.607    19.0          0  pkj+21 
740   355.635   -4.882    12.0          0  pkj+21 

741   11.527    4.291     26.0          0  lfl+06 
742   8.480     2.416     0.0           0  *
743   4.255     -0.150    33.0          0  mhl+02 
744   4.183     -0.016    0.0           0  *
745   4.047     -0.229    0.0           0  *

746   2.432     -1.135    28.0          0  mss+20 
747   6.835     1.237     0.0           0  *
748   5.027     0.044     39.0          0  hfs+04 
749   3.574     -0.891    0.0           0  *
750   7.029     0.970     5.0           0  mhl+02 

751   5.281     0.054     19.0          0  pkj+21 
752   9.544     2.353     0.0           0  *
753   7.378     0.933     0.0           0  *
754   4.263     -0.807    0.0           0  *
755   3.555     -1.225    0.0           0  *

756   1.556     -2.294    30.0          0  lfl+06 
757   11.378    3.028     44.0          0  lfl+06 
758   10.142    2.260     0.0           0  *
759   9.634     1.901     0.0           0  *
760   9.366     1.845     0.0           0  *

761   7.473     0.810     11.0          0  hfs+04 
762   6.702     0.257     0.0           0  *
763   6.593     0.275     52.0          0  mhl+02 
764   4.261     -1.082    0.0           0  *
765   1.202     -2.887    20.0          2  dsb+98 

766   359.629   -3.673    24.0          0  pkj+21 
767   78.130    28.440    17.5       11  whx+23 
768   26.177    10.820    0.0           0  *
769   25.749    10.678    51.5       15  whx+23 
770   8.306     1.073     0.0           0  *

771   10.447    1.978     0.0           0  *
772   10.295    1.781     0.0           0  *
773   8.446     0.794     0.0           0  *
774   7.838     0.554     0.0           0  *
775   6.837     -0.066    265.0         0  cmk01 

776   5.254     -0.882    12.0          0  pkj+21 
777   1.436     -3.249    61.0          0  pkj+21 
778   356.517   -6.023    110.0         0  lfl+06 
779   28.612    11.562    0.0        0  whx+23 
780   11.573    2.377     0.0           0  *

781   5.731     -0.886    0.0           0  *
782   13.020    2.827     0.0           0  *
783   10.730    1.428     43.0          0  mhl+02 
784   10.334    1.338     0.0           0  *
785   8.395     0.146     44.0          0  pkj+21 

786   8.140     0.187     0.0           0  *
787   3.494     -2.532    32.0          0  qmlg95 
788   7.722     -0.397    0.0           0  *
789   14.246    3.093     340.0         0  lfl+06 
790   9.530     0.313     0.0           0  *

791   9.449     0.307     0.0           0  *
792   5.807     -1.725    22.0          0  hfs+04 
793   37.305    14.560    23.9        9  whx+23 
794   17.142    4.417     39.0          0  pkj+21 
795   13.323    2.213     0.0           0  *

796   10.641    0.802     0.0           0  *
797   8.811     -0.280    55.0          0  mhl+02 
798   35.149    13.276    26.6        9  whx+23 
799   20.061    5.587     12.0          0  pkj+21 
800   4.987     -2.646    0.0           0  *

801   3.843     -3.257    25.0          0  pkj+21 
802   20.634    5.750     38.0          0  pkj+21 
803   18.828    4.600     26.0          0  pkj+21 
804   14.472    2.239     18.0          0  pkj+21 
805   12.599    1.188     0.0           0  *

806   9.446     -0.400    84.5        0  lylg95 
807   4.160     -3.357    80.0          0  lfl+06 
808   43.872    16.870    44.0          4  whx+23 
809   26.962    8.627     22.7       14  whx+23 
810   21.247    5.675     18.0          0  pkj+21 

811   15.306    2.393     25.0          0  pkj+21 
812   11.473    0.316     0.0           0  *
813   11.094    0.080     26.0          0  pkj+21 
814   10.363    -0.202    0.0           0  *
815   9.415     -0.720    15.0          0  pkj+21 

816   7.390     -1.995    0.0           0  *
817   34.694    12.248    39.2        6  whx+23 
818   15.272    2.035     0.0           0  *
819   12.064    0.289     31.0          0  mhl+02 
820   26.612    8.029     33.6       10  whx+23 

821   18.712    3.830     0.0           0  *
822   12.821    0.435     63.0          0  mhl+02 
823   11.909    0.049     0.0           0  *
824   6.632     -2.954    24.0          0  lfl+06 
825   30.709    9.692     20.3       15  whx+23 

826   13.109    0.538     60.0          0  pkj+21 
827   12.904    0.387     191.0         0  pkj+21 
828   11.522    -0.456    0.0           0  *
829   9.859     -1.303    66.0          0  mhl+02 
830   6.013     -3.448    19.0          0  lfl+06 

831   45.544    16.401    19.3        7  whx+23 
832   17.244    2.445     0.0           0  *
833   9.851     -1.657    23.0          0  pkj+21 
834   8.529     -2.329    0.0           0  *
835   39.205    13.306    17.3       15  whx+23 

836   49.511    17.811    8.4         5  whx+23 
837   23.101    5.233     194.0         0  lfl+06 
838   13.820    0.245     58.0          0  mhl+02 
839   13.179    -0.272    0.0           0  *
840   11.810    -0.963    52.0          0  mhl+02 

841   21.867    4.092     9.1         0  pkj+21 
842   15.836    0.828     0.0           0  *
843   13.433    -0.424    37.0          0  pkj+21 
844   5.219     -4.906    65.5        0  lylg95 
845   15.595    0.391     0.0           0  *

846   13.337    -0.703    0.0           0  *
847   11.623    -1.617    0.0           0  *
848   27.482    6.479     30.2        9  whx+23 
849   19.144    2.068     0.0           0  *
850   16.405    0.610     53.0          0  hfs+04 

851   16.031    0.390     0.0           0  *
852   15.550    0.192     0.0           0  *
853   15.270    -0.063    0.0           0  *
854   15.087    -0.227    0.0           0  *
855   20.935    2.633     33.0          0  pkj+21 

856   20.287    2.337     0.0           0  *
857   19.291    1.857     74.0          0  pkj+21 
858   19.101    1.619     0.0           0  *
859   17.497    0.829     41.0          0  lfl+06 
860   16.797    0.394     0.0           0  *

861   15.876    -0.086    30.0          0  pkj+21 
862   13.991    -1.048    0.0           0  *
863   25.457    4.733     19.0          0  pkj+21 
864   24.777    4.516     21.0          0  pkj+21 
865   17.161    0.483     151.0         0  pkj+21 

866   15.681    -0.406    0.0           0  *
867   13.202    -1.720    28.0          0  pkj+21 
868   69.537    22.905    56.0          3  whx+23 
869   26.839    5.372     18.1        8  whx+23 
870   26.393    4.978     0.0           0  *

871   16.815    -0.043    0.0           0  *
872   16.628    -0.168    97.0          0  pkj+21 
873   35.983    9.685     49.2        8  whx+23 
874   39.870    11.571    55.0          4  whx+23  

876   21.828    2.262     55.0          0  lfl+06 
877   21.530    2.161     0.0           0  *
878   18.218    0.394     0.0           0  *
879   17.252    -0.176    17.0          0  pkj+21 
880   15.194    -1.189    0.0           0  *

881   9.349     -4.373    81.0          0  hfs+04 
882   34.987    8.859     60.4       15  whx+23 
883   28.081    5.256     15.0        4  whx+23 
884   19.767    0.946     0.0           0  *
885   19.568    0.935     44.0          0  hfs+04 

886   17.488    -0.189    0.0           0  *
887   16.033    -0.948    0.0           0  *
888   13.636    -2.164    0.0           0  *
889   28.588    5.231     68.0       14  whx+23 
890   28.525    5.188     21.9        9  whx+23 

891   19.809    0.741     51.0          0  pkj+21 
892   19.253    0.324     0.0           0  *
893   17.146    -0.796    28.0          0  pkj+21 
894   16.512    -0.934    0.0           0  *
895   12.276    -3.108    3.3         0  pkj+21 

896   9.822     -4.435    32.0          0  lfl+06 
897   9.037     -4.922    51.0          0  lfl+06 
898   30.001    5.856     30.9        9  whx+23 
899   21.449    1.324     47.0         0  pkj+21 
900   16.805    -1.001    28.0          0  pkj+21 

901   19.800    0.293     80.0          0  pkj+21 
902   18.556    -0.377    0.0           0  *
903   18.001    -0.691    34.7        0  lylg95 
904   17.398    -1.142    0.0           0  *
905   16.358    -1.553    0.0           0  *

906   23.176    1.803     38.0          0  pkj+21 
907   21.724    0.841     0.0           0  *
908   21.286    0.798     57.0          0  pkj+21 
909   17.077    -1.503    0.0           0  *
910   24.780    2.279     17.0          0  pkj+21 

911   21.324    0.424     0.0           0  *
912   20.587    0.024     0.0           0  *
913   20.495    0.043     49.0          0  mhl+02 
914   18.254    -1.243    0.0           0  *
915   11.358    -4.734    34.0          0  lfl+06 

916   30.460    4.817     21.0          0  mss+20 
917   23.647    1.479     19.0          0  pkj+21 
918   14.604    -3.418    18.0          0  pkj+21 
919   29.755    4.251     16.0          0  lfl+06 
920   29.156    3.995     0.0        0  whx+23 

921   20.812    -0.477    9.5         0  pkj+21 
922   20.193    -0.590    171.0         0  mhl+02 
923   18.824    -1.490    0.0           0  *
924   17.839    -1.813    22.0          0  lfl+06 
925   23.211    0.548     20.0          0  pkj+21 

926   21.897    -0.128    14.0          0  lfl+06 
927   19.618    -1.217    122.0         0  mhl+02 
928   18.716    -1.884    82.0          0  mhl+02 
929   17.870    -2.201    0.0           0  *
930   31.247    4.360     15.0          0  lfl+06 

931   24.807    1.070     60.0          0  pkj+21 
932   23.272    0.298     23.0         0  pkj+21 
933   21.587    -0.597    24.0          0  pkj+21 
934   28.918    3.094     0.0         0  whx+23 
935   27.657    2.272     19.0          0  pkj+21 

936   25.623    1.232     0.0           0  *
937   25.514    1.321     0.0           0  *
938   23.385    0.063     14.0          0  pkj+21 
939   21.231    -1.140    0.0           0  *
940   30.812    3.732     34.7        0  lylg95 

941   30.570    3.449     13.0          0  lfl+06 
942   27.042    1.749     104.0         0  pkj+21 
943   25.640    0.965     35.0          0  mhl+02 
944   25.173    0.763     0.0           0  *
945   24.288    0.366     140.0         0  pkj+21 

946   24.151    0.224     0.0           0  *
947   20.287    -1.743    75.0          0  pkj+21 
948   15.768    -4.206    21.0          0  kbm+03 
949   14.189    -4.977    71.0          0  lfl+06 
950   27.681    1.858     28.0          0  lfl+06 

951   26.296    1.164     0.0           0  *
952   25.093    0.552     60.5        0  lylg95 
953   22.767    -0.804    0.0           0  *
954   22.487    -0.989    19.0          0  lfl+06 
955   22.451    -0.999    7.2         0  lfl+06 

956   21.980    -1.302    11.0          0  pkj+21 
957   21.222    -1.513    8.4         0  pkj+21 
958   17.094    -3.784    42.0          0  lfl+06 
959   39.509    7.544     11.7        6  whx+23 
960   88.875    24.999    0.0           0  *

961   27.167    1.130     18.0          0  pkj+21 
962   26.510    0.915     0.0           0  *
963   22.263    -1.415    17.0          0  pkj+21 
964   19.348    -2.910    16.0          0  pkj+21 
965   31.864    3.316     0.0           0  *

966   32.129    3.511     98.1       18  whx+23 
967   42.411    8.739     43.1       11  whx+23 
968   30.675    2.749     29.1        7  whx+23 
970   26.001    0.379     0.0           0  *

971   25.960    0.265     30.0          0  mhl+02 
972   25.191    0.002     182.0         0  pkj+21 
973   19.983    -2.662    0.0           0  *
974   14.807    -5.498    19.0          0  pkj+21 
975   45.347    9.694     17.4       11  dmo+24 

976   30.467    2.327     36.9        5  whx+23 
977   27.070    0.708     0.0           0  *
978   26.508    0.209     0.0           0  *
979   26.295    0.183     0.0           0  *
980   25.792    -0.140    0.0           0  *

981   21.862    -2.049    34.0          0  mhl+02 
982   14.686    -5.734    0.0           0  *
983   30.014    1.965     0.0           0  *
984   29.500    1.461     54.0          3  whx+23 
985   28.601    1.095     0.0           0  *

986   28.016    0.730     16.0          0  pkj+21 
987   27.407    0.654     12.0          0  lfl+06 
988   27.147    0.321     0.0           0  *
989   25.807    -0.266    29.0          0  mss+20 
990   25.547    -0.350    74.0          0  pkj+21 

991   23.533    -1.591    0.0           0  *
992   20.347    -3.180    49.0          0  pkj+21 
993   33.696    3.443     16.8       15  whx+23 
994   26.345    -0.281    45.0          0  pkj+21 
995   25.933    -0.461    0.0           0  *

996   24.698    -1.242    0.0           0  *
997   24.441    -1.308    35.0          0  pkj+21 
998   24.314    -1.283    34.0          0  pkj+21 
999   24.010    -1.616    343.0         0  lfl+06 
1000  21.559    -2.745    0.0           0  *

1001  20.940    -3.197    21.0          0  pkj+21 
1002  18.944    -4.119    0.0           0  *
1003  33.116    2.942     11.0          0  lfl+06 
1004  40.078    6.278     14.1        2  whx+23 
1005  30.100    1.217     36.6        7  whx+23 

1006  28.968    0.776     0.0           0  *
1007  28.423    0.437     20.0          0  pkj+21 
1008  27.818    0.279     9.8         0  pkj+21 
1009  27.024    -0.333    0.0           0  *
1010  19.277    -4.227    122.0         0  lfl+06 

1011  34.558    3.336     90.9       17  whx+23 
1012  35.434    3.846     119.5       3  whx+23 
1013  37.801    5.075     17.0        6  whx+23 
1014  44.054    8.074     143.4       9  whx+23 
1015  30.283    1.022     59.1       12  whx+23 

1016  29.078    0.584     0.0           0  *
1017  28.347    0.174     345.0         0  pkj+21 
1018  28.086    0.111     27.0          0  pkj+21 
1019  26.413    -0.898    0.0           0  *
1020  23.809    -2.137    20.0          0  pkj+21 

1021  33.195    2.392     0.0           0  *
1022  50.444    10.846    64.0          7  whx+23 
1023  32.013    1.768     36.4        5  whx+23 
1024  31.295    1.360     39.5       15  whx+23 
1025  30.543    1.087     45.0       13  whx+23 

1026  30.084    0.768     99.1       11  whx+23 
1027  28.484    0.056     0.0           0  *
1028  28.374    -0.172    0.0           0  *
1029  27.581    -0.505    90.0          0  pkj+21 
1030  25.741    -1.426    7.1         0  pkj+21 

1031  25.092    -1.680    0.0           0  *
1032  24.951    -1.880    0.0           0  *
1033  24.806    -1.934    0.0           0  *
1034  18.559    -5.129    19.0          0  pkj+21 
1035  45.557    8.149     15.8        2  whx+23 

1036  31.710    1.271     26.7       12  whx+23 
1037  29.727    0.235     41.1        6  whx+23 
1038  29.395    0.243     33.3        0  ncb+15 
1039  29.343    0.036     0.0           0  *
1040  28.787    -0.191    0.0           0  *

1041  28.096    -0.548    27.0          0  pkj+21 
1042  27.752    -0.576    0.0           0  *
1043  27.670    -0.769    0.0           0  *
1044  27.073    -0.941    23.0          0  pkj+21 
1045  37.923    4.308     26.4       16  whx+23 

1046  29.390    -0.255    0.0           0  *
1047  28.193    -0.785    25.0          0  pkj+21 
1048  27.150    -1.337    33.0          0  pkj+21 
1049  26.348    -1.603    25.0          0  pkj+21 
1050  25.428    -2.304    9.3         0  pkj+21 

1051  24.693    -2.441    31.0          0  lfl+06 
1052  22.276    -3.855    5.6         0  pkj+21 
1053  19.860    -4.918    84.0          0  lfl+06 
1054  33.162    1.440     25.7        8  whx+23 
1055  40.693    5.342     0.0           0  *

1056  29.707    -0.198    0.0           0  *
1057  25.386    -2.431    17.0          0  pkj+21 
1058  25.366    -2.386    36.0          0  pkj+21 
1059  28.876    -0.939    29.0          0  pkj+21 
1060  28.371    -1.268    21.0          0  pkj+21 

1061  28.318    -1.361    0.0           0  *
1062  27.048    -1.867    37.0          0  pkj+21 
1063  36.058    2.366     0.0           0  *
1064  38.061    3.328     54.0          5  whx+23 
1065  38.701    3.646     27.0          0  lwf+04 

1066  40.154    4.437     35.3       13  whx+23 
1067  46.328    7.443     301.0         5  whx+23 
1068  32.267    0.447     24.0        6  whx+23 
1069  31.798    0.171     0.0           0  *
1070  31.339    0.039     37.2        4  whx+23 

1071  27.945    -1.659    0.0           0  *
1072  27.221    -2.054    22.0          0  lfl+06 
1073  22.009    -4.658    42.0          0  pkj+21 
1074  21.224    -5.081    0.0           0  *
1075  32.731    0.476     0.0           0  *

1076  32.884    0.460     0.0           0  *
1077  33.744    0.841     51.0          2  whx+23 
1078  34.034    1.043     28.9       11  whx+23 
1079  36.367    2.425     16.0          0  pkj+21 
1080  36.748    2.446     0.0           0  *

1081  56.238    11.866    10.9       10  dmo+24 
1082  32.501    0.338     74.2       14  whx+23 
1083  32.075    0.198     0.0           0  *
1084  29.834    -1.173    35.0          0  pkj+21 
1085  27.182    -2.469    30.0          0  pkj+21 

1086  26.773    -2.497    26.0          0  pkj+21 
1087  33.246    0.353     98.0          0  pkj+21 
1088  36.718    2.231     43.5       11  whx+23 
1089  44.990    6.339     11.0        2  whx+23 
1090  32.740    0.295     0.0           0  *

1091  32.764    0.093     408.0        17  whx+23 
1092  32.465    0.157     17.9        7  whx+23 
1093  32.407    0.066     52.0       13  whx+23 
1094  32.369    -0.041    120.0         3  whx+23 
1095  34.153    0.504     31.0          4  whx+23 

1096  35.314    1.248     0.0           0  *
1097  36.720    2.046     161.5       6  whx+23 
1098  44.513    5.932     20.0          3  whx+23 
1099  32.542    -0.335    28.5       10  whx+23 
1100  32.100    -0.318    30.9        8  whx+23 

1101  31.812    -0.527    48.7       19  whx+23 
1102  30.515    -1.186    0.0           0  *
1104  33.198    -0.222    31.4       19  whx+23 
1105  33.282    -0.174    39.6       19  whx+23 

1106  33.324    -0.082    0.0           0  *
1107  33.523    0.017     950.0         5  whx+23 
1108  35.804    1.160     78.0          3  whx+23 
1109  33.066    -0.277    0.0           0  *
1110  32.662    -0.362    14.0        7  whx+23 

1111  32.547    -0.479    0.0           0  *
1112  32.431    -0.476    0.0           0  *
1113  31.868    -0.783    194.1       9  whx+23 
1114  31.706    -0.803    82.0          0  pkj+21 
1115  27.224    -3.341    113.0         0  pkj+21 

1117  33.338    -0.371    20.7        0  hfs+04 
1118  33.421    -0.434    0.0           0  *
1119  33.444    -0.213    0.0           0  *
1120  33.579    -0.190    88.0          4  whx+23 

1121  34.017    -0.036    22.2       11  whx+23 
1122  35.806    0.963     0.0           0  *
1123  37.170    1.512     88.0          3  whx+23 
1124  37.650    1.956     343.0         4  whx+23 
1125  38.354    2.064     26.5        2  whx+23 

1126  41.071    3.615     76.0          8  whx+23 
1127  33.086    -0.468    14.0        2  whx+23 
1128  34.053    -0.349    51.0          3  whx+23 
1129  35.992    0.834     76.0          6  whx+23 
1130  36.209    0.824     47.0          3  whx+23 

1131  36.179    0.944     55.6       12  whx+23 
1132  42.887    4.223     154.5       6  dmo+24 
1133  32.750    -0.980    50.0          3  whx+23 
1134  35.735    0.191     7.0         7  whx+23 
1135  36.175    0.483     0.0          0  *

1136  36.167    0.533     26.0          0  pkj+21 
1137  37.314    1.052     0.0           0  *
1138  38.227    1.642     131.0         3  whx+23 
1139  39.613    2.337     7.4        10  whx+23 
1140  24.721    -5.241    45.0          0  pkj+21 

1141  34.428    -0.648    28.1       12  whx+23 
1142  34.560    -0.497    6.8         0  pkj+21 
1143  35.511    -0.238    0.0           0  *
1144  36.008    0.057     0.0           0  *
1145  37.128    0.745     41.3        8  whx+23 

1146  41.715    3.058     56.0          3  whx+23 
1147  28.636    -3.575    40.0          0  pkj+21 
1148  34.417    -0.805    35.4        7  whx+23 
1149  35.168    -0.571    43.42       0  hfs+04 
1150  35.586    -0.393    44.1       12  whx+23 

1151  35.617    -0.390    21.7        5  whx+23 
1152  35.577    -0.241    0.0           0  *
1153  35.733    -0.176    0.0           0  *
1154  36.274    0.072     0.0           0  *
1155  38.438    1.187     28.4        7  whx+23 

1156  40.839    2.446     24.4       10  whx+23 
1157  35.725    -0.493    84.0          3  whx+23 
1158  36.085    -0.310    17.3        8  whx+23 
1159  36.179    -0.430    108.0         6  whx+23 
1160  36.714    -0.094    0.0           0  *

1161  37.083    0.182     0.0           0  *
1162  26.964    -5.079    0.0           0  *
1163  37.169    -0.010    0.0           0  *
1164  37.819    0.343     0.0           0  *
1165  39.245    0.903     144.0         5  whx+23 

1166  47.637    5.181     31.4       18  whx+23 
1167  36.170    -0.925    27.1        4  whx+23 
1168  39.808    0.995     10.8        4  whx+23 
1170  33.238    -2.467    14.9        7  whx+23 

1171  32.553    -2.721    60.0          4  whx+23 
1172  35.381    -1.677    14.1        6  whx+23 
1173  35.818    -1.367    8.9         6  dmo+24 
1174  36.370    -1.048    32.4       17  whx+23 
1175  36.643    -0.855    99.2       14  whx+23 

1176  36.999    -0.613    104.0         3  whx+23 
1177  37.213    -0.637    34.0       13  whx+23 
1178  37.580    -0.444    18.2       11  whx+23 
1179  37.806    -0.232    127.0         6  whx+23 
1180  38.167    -0.148    0.0           0  *

1181  38.738    0.025     103.0         3  whx+23 
1182  38.715    0.084     83.0          3  whx+23 
1183  39.687    0.756     183.0         4  whx+23 
1184  40.569    1.056     39.5        4  whx+23 
1185  45.786    3.683     70.0          4  whx+23 

1186  31.192    -3.646    48.0          0  pkj+21 
1187  31.152    -3.669    20.0          0  lfl+06 
1188  36.498    -1.282    0.0           0  *
1189  36.738    -1.249    58.0          3  whx+23 
1190  39.501    0.210     28.0          0  pkj+21 

1191  39.814    0.336     11.4        4  whx+23 
1192  40.742    0.984     33.7        9  whx+23 
1193  30.958    -4.209    0.0           0  *
1194  35.727    -1.955    20.7        4  whx+23 
1195  38.088    -0.732    0.0           0  *

1196  39.650    0.108     0.0           0  *
1197  42.121    1.295     0.0           0  *
1198  42.137    1.466     0.0           0  *
1199  42.522    1.490     0.0           0  *
1200  42.743    1.543     198.7      14  whx+23 

1201  54.363    7.427     26.4       13  whx+23 
1202  31.659    -4.038    34.0          0  mss+20 
1203  34.450    -2.811    14.90      10  whx+23 
1204  35.224    -2.387    0.0           0  *
1205  41.180    0.680     7.9         8  whx+23 

1206  41.498    0.863     15.9        3  whx+23 
1207  43.433    1.865     175.0         4  whx+23 
1208  32.828    -3.841    14.4        4  whx+23 
1209  39.839    -0.277    34.5        5  whx+23 
1210  40.069    -0.169    21.2        5  whx+23 

1211  40.737    0.002     12.1        4  whx+23 
1212  40.944    0.065     62.3       13  whx+23 
1213  41.672    0.454     10.8        7  whx+23 
1214  42.555    1.056     10.0        4  whx+23 
1215  43.063    1.288     11.9        4  whx+23 

1216  43.919    1.755     0.0           0  *
1217  33.690    -3.551    9.3         4  whx+23 
1218  38.478    -1.510    72.0          2  whx+23 
1219  40.604    -0.304    25.90      10  whx+23 
1220  40.690    -0.152    57.2       14  whx+23 

1221  41.216    0.031     0.0           0  *
1222  41.222    0.074     0.0           0  *
1223  41.598    0.147     6.8         6  whx+23 
1224  42.839    0.884     0.0           0  *
1225  51.501    5.251     108.0       4  dmo+24 

1226  37.306    -2.323    30.1        7  whx+23 
1227  37.339    -2.192    69.0          3  whx+23 
1228  38.075    -1.796    10.3        3  whx+23 
1229  39.717    -0.988    39.5       13  whx+23 
1230  40.182    -0.894    0.0           0  *

1231  40.515    -0.484    38.56       0  sjk+21 
1232  41.500    -0.211    17.0          0  pkj+21 
1233  41.613    -0.102    23.3       11  whx+23 
1234  43.024    0.730     4.2         0  pkj+21 
1235  45.290    1.832     26.4       16  whx+23 

1236  46.099    2.373     26.9       16  whx+23 
1237  39.267    -1.468    54.8        5  whx+23 
1238  39.293    -1.403    5.3         6  whx+23 
1239  40.141    -0.949    0.0           0  *
1240  41.585    -0.270    18.0          0  cn95 

1241  42.560    0.229     17.3        7  whx+23 
1242  42.972    0.494     19.5        4  whx+23 
1243  43.173    0.361     94.0          0  pkj+21 
1244  47.206    2.558     62.0          4  whx+23 
1245  56.144    7.112     16.0        7  dmo+24 

1246  35.123    -3.977    19.8        6  whx+23 
1248  37.605    -2.713    33.2       11  whx+23 
1249  40.620    -1.210    44.5        8  whx+23 
1250  40.941    -0.940    32.5        8  whx+23 

1251  41.909    -0.340    10.67       0  sjk+21 
1252  43.164    0.258     0.0           0  *
1253  44.832    0.992     12.5        3  dmo+24 
1254  45.494    1.416     13.1        9  whx+23 
1255  45.780    1.472     88.0          3  whx+23 

1256  48.181    2.827     85.0          0  cn95 
1257  51.852    4.749     30.5        6  dmo+24 
1258  37.230    -3.057    30.0          0  pkj+21 
1259  38.606    -2.339    457.0         0  pkj+21 
1260  40.056    -1.668    41.6        9  whx+23 

1261  41.461    -0.879    0.0           0  *
1262  41.520    -0.870    45.2       15  whx+23 
1263  41.740    -0.772    19.9        6  whx+23 
1264  44.426    0.503     0.0           0  *
1265  46.205    1.591     38.8        8  whx+23 

1266  34.009    -4.736    58.0          3  whx+23 
1267  32.280    -5.681    25.0          0  pkj+21 
1268  43.576    -0.207    56.0          3  whx+23 
1269  44.890    0.499     0.0           0  *
1270  46.792    1.538     23.0          2  whx+23 

1271  51.238    3.738     16.1        9  whx+23 
1272  44.794    0.152     30.9       16  whx+23 
1273  54.086    4.989     86.2       12  whx+23 
1274  57.933    7.042     17.3        7  dmo+24 
1275  39.736    -2.790    51.2        9  whx+23 

1276  40.243    -2.395    0.0           0  *
1277  41.644    -1.712    26.0          3  whx+23 
1278  42.980    -0.862    73.8        3  whx+23 
1279  43.502    -0.684    7.3         2  whx+23 
1280  44.034    -0.553    51.0          0  lcx02 

1281  44.285    -0.194    55.1       16  whx+23 
1282  44.485    -0.167    4.0       10  whx+23 
1283  45.090    0.081     97.1        7  whx+23 
1284  45.919    0.476     24.5        6  whx+23 
1285  47.421    1.381     0.0           0  *

1286  47.881    1.592     20.3        3  whx+23 
1287  69.097    12.128    29.5       17  dmo+24 
1288  37.633    -4.037    22.6        9  whx+23 
1289  41.233    -2.092    54.4       17  whx+23 
1290  41.353    -2.071    22.3        8  whx+23 

1291  42.708    -1.307    0.0           0  *
1292  43.243    -1.124    10.4        9  whx+23 
1293  45.623    0.199     23.3        7  whx+23 
1295  37.825    -4.117    28.0        4  whx+23 

1296  41.655    -2.366    17.2        7  whx+23 
1297  42.466    -1.803    18.4        9  whx+23 
1298  42.623    -1.614    36.0       11  whx+23 
1299  43.338    -1.295    24.8        7  whx+23 
1300  44.707    -0.651    9.5         0  pkj+21 

1301  46.129    0.082     13.0        3  whx+23 
1302  46.170    0.180     0.0           0  *
1303  48.275    1.200     22.9       12  whx+23 
1304  49.968    2.122     8.00       10  whx+23 
1305  50.552    2.468     46.2        9  whx+23 

1306  42.772    -2.047    380.4      11  whx+23 
1307  42.801    -2.076    0.0           0  *
1308  43.538    -1.493    24.1        5  whx+23 
1309  43.674    -1.448    72.0          3  whx+23 
1310  44.556    -1.019    12.2        2  whx+23 

1311  45.031    -0.790    110.0         4  whx+23 
1312  45.099    -0.638    35.8        7  whx+23 
1313  47.576    0.451     9.8         2  whx+23 
1314  64.627    9.430     11.7        3  dmo+24 
1315  42.769    -2.209    0.0           0  *

1316  43.575    -1.892    64.5       12  whx+23 
1317  48.260    0.624     8.30       10  whx+23 
1318  55.785    4.553     32.8        8  whx+23 
1319  49.096    0.866     24.9        7  whx+23 
1320  49.894    1.360     212.1      14  whx+23 

1321  36.506    -6.151    35.7        7  whx+23 
1322  37.582    -5.563    76.1        9  whx+23 
1323  47.895    -0.088    37.1       11  whx+23 
1324  50.954    1.642     22.5       11  whx+23 
1325  51.897    1.987     74.6       12  whx+23 

1326  59.535    5.993     18.1        7  whx+23 
1327  45.784    -1.590    81.0          3  whx+23 
1328  46.152    -1.199    43.0          2  whx+23 
1329  60.068    6.027     25.7        4  whx+23 
1330  43.710    -2.934    3.30       10  whx+23 

1331  49.058    0.021     40.2        7  whx+23 
1332  50.949    1.138     0.0           0  *
1333  53.869    2.672     129.2      16  whx+23 
1334  54.172    2.621     39.1        8  whx+23 
1335  55.777    3.501     43.1        7  whx+23 

1336  46.762    -1.601    51.0          3  whx+23 
1337  52.080    1.230     11.9        5  whx+23 
1338  54.417    2.678     63.0          3  whx+23 
1339  55.278    2.935     52.1        6  whx+23 
1340  51.707    0.965     26.1        6  whx+23 

1341  74.715    12.643    23.5       12  whx+23 
1342  51.337    0.331     0.0           0  *
1343  51.975    0.726     0.0           0  *
1344  53.782    1.725     39.0          3  whx+23 
1345  55.022    2.328     19.2        3  whx+23 

1346  52.179    0.590     0.0           0  *
1347  40.980    -5.674    27.1        6  whx+23 
1348  43.739    -4.256    156.4       6  whx+23 
1349  49.923    -1.039    148.0         3  whx+23 
1350  51.367    -0.226    0.0           0  *

1351  51.568    0.002     14.9        7  whx+23 
1352  51.859    0.063     19.8        3  whx+23 
1353  54.851    1.802     14.1        6  whx+23 
1355  45.224    -3.705    7.0         3  whx+23 

1356  53.718    0.956     28.1        3  whx+23 
1357  53.811    0.941     50.8        3  dmo+24 
1358  56.983    2.730     81.0          3  whx+23 
1359  50.178    -1.220    0.0           0  *
1360  52.931    0.114     10.88       0  sjk+21 

1361  53.832    0.780     0.0           0  *
1362  54.281    1.016     86.0          4  whx+23 
1363  36.133    -8.726    85.0          5  whx+23 
1364  53.852    0.461     42.0        7  whx+23 
1365  56.117    1.751     9.2         4  whx+23 

1366  71.174    9.689     66.9       16  whx+23 
1367  49.124    -2.319    19.8        8  whx+23 
1368  49.745    -2.031    0.0           0  *
1369  49.932    -1.962    0.0           0  *
1370  52.790    -0.450    81.0          7  whx+23 

1371  50.539    -2.005    83.0          2  whx+23 
1372  51.406    -1.599    21.7        3  whx+23 
1373  35.974    -9.711    35.9       12  whx+23 
1374  47.382    -3.885    14.7       10  dmo+24 
1375  50.970    -2.071    59.0          4  whx+23 

1376  54.661    0.083     0.0           0  *
1377  55.575    0.639     8.00       10  whx+23 
1378  57.356    1.554     4.70       10  whx+23 
1379  44.845    -5.565    13.0        8  whx+23 
1380  49.351    -3.127    31.7       18  whx+23 

1381  85.591    15.765    55.0          4  whx+23 
1382  55.038    -0.256    0.0           0  *
1383  58.966    1.814     8.6         7  whx+23 
1384  84.493    15.046    53.6       11  whx+23 
1385  48.613    -4.059    286.0         0  pkj+21 

1386  52.436    -2.093    9.1         2  whx+23 
1387  53.691    -1.313    14.4       13  whx+23 
1388  54.361    -0.999    0.0           0  *
1389  56.051    -0.053    40.4        2  whx+23 
1390  51.879    -2.465    32.0       19  whx+23 

1391  56.369    -0.084    35.0          3  whx+23 
1392  51.569    -2.981    69.0          6  whx+23 
1393  60.836    2.270     17.60      10  whx+23 
1394  64.504    4.115     72.7       18  whx+23 
1395  44.386    -7.101    23.7        6  whx+23 

1396  57.903    0.308     8.40       10  whx+23 
1397  62.107    2.562     40.2       17  whx+23 
1399  60.174    1.361     41.9        4  dmo+24 
1400  61.501    1.951     10.9        3  whx+23 

1401  48.004    -6.153    29.7       18  whx+23 
1402  50.799    -4.468    24.5        6  whx+23 
1403  61.037    1.263     118.2       3  dmo+24 
1404  76.846    9.864     25.4       16  whx+23 
1405  73.641    8.066     106.0      15  whx+23 

1406  44.465    -8.641    20.2        2  whx+23 
1407  49.984    -6.075    410.0         3  whx+23 
1408  55.588    -2.998    38.0          5  whx+23 
1409  55.326    -3.500    49.3        9  whx+23 
1410  59.301    -1.070    59.0          3  whx+23 

1411  61.809    0.283     20.6        3  whx+23 
1412  62.321    0.595     137.0       2  dmo+24 
1413  47.713    -8.073    60.0          3  whx+23 
1414  56.987    -2.658    10.4        3  whx+23 
1415  55.544    -3.782    38.3        4  whx+23 

1416  62.207    0.131     17.0        8  whx+23 
1417  70.702    5.047     96.0        4  dmo+24 
1418  59.931    -1.423    51.3       15  whx+23 
1419  69.720    4.288     62.8        8  dmo+24 
1420  66.087    1.749     87.0          6  whx+23 

1421  50.003    -7.738    48.0          3  whx+23  
1423  52.509    -6.576    10.5        3  whx+23 
1424  63.254    -0.376    0.0           0  *
1425  66.526    1.650     74.0       18  dmo+24 

1426  68.765    2.823     6.3        10  dmo+24 
1427  50.714    -8.083    36.2       17  dmo+24 
1428  56.773    -4.566    0.0           0  *
1429  64.205    0.059     61.2        3  dmo+24 
1430  64.926    0.374     25.8       11  whx+23 

1431  49.523    -8.995    50.0          5  whx+23 
1432  61.367    -1.872    5.3         4  whx+23 
1433  65.244    0.377     0.0           0  *
1434  65.924    0.772     23.3        5  dmo+24 
1435  74.043    5.699     6.6         4  whx+23 

1436  78.527    8.169     101.0         3  whx+23 
1437  66.116    0.697     56.1        3  dmo+24 
1438  65.524    -0.225    29.6        6  dmo+24 
1439  84.584    11.013    0.0           0  *
1440  40.625    -14.718   28.4        5  tbc+20 

1441  65.879    -0.353    0.0           0  *
1442  67.350    0.691     34.2       12  whx+23 
1443  72.444    3.442     84.6       16  whx+23 
1444  66.549    -0.353    100.6      17  dmo+24 
1445  78.277    6.643     30.2       14  whx+23 

1446  55.998    -7.517    15.4        3  whx+23 
1447  76.611    5.288     51.34       5  mlk+24 
1448  66.812    -0.903    41.5       11  whx+23 
1449  65.030    -2.527    0.0           0  *
1450  71.425    1.571     140.3       9  whx+23 

1451  72.581    2.180     44.8       12  whx+23 
1452  72.706    2.139     23.1        3  whx+23 
1453  61.172    -5.431    45.1       19  dmo+24 
1454  68.667    -0.530    15.0        2  whx+23 
1455  77.118    4.731     22.373      8  mlk+24 

1456  64.055    -4.107    34.8        7  dmo+24 
1457  69.478    -0.639    4.2         4  whx+23 
1458  74.710    2.898     56.0          5  whx+23 
1459  71.103    0.124     1018.4      3  dmo+24 
1460  67.210    -2.472    26.2        6  dmo+24 

1461  70.391    -0.495    51.3       16  whx+23 
1462  71.320    -0.049    487.3      18  dmo+24 
1463  69.485    -1.886    8.5         3  dmo+24 
1464  75.930    2.476     28.3        2  mlk+24 
1465  65.027    -5.261    605.1       3  dmo+24 

1466  61.376    -8.271    20.0        3  whx+23 
1467  67.729    -4.052    110.1       4  dmo+24 
1468  74.507    0.390     0.0           0  *
1469  68.099    -3.983    28.1        6  dmo+24 
1470  75.222    0.111     18.0          0  rhr+02 

1471  78.225    2.089     0.0           0  *
1472  68.863    -4.671    20.1        2  dmo+24 
1473  76.888    0.960     0.0           0  *
1474  87.862    8.380     24.2        3  whx+23 
1475  86.863    7.544     191.0       2  whx+23 

1476  63.538    -9.587    15.4        8  dmo+24 
1477  83.358    4.394     68.3        8  mlk+24 
1478  73.361    -3.008    0.0           0  *
1479  64.580    -9.833    24.0        4  whx+23 
1480  76.123    -1.438    17.0          4  mlk+24 

1481  82.340    2.885     0.0           0  *
1483  80.224    1.028     12.29      12  mlk+24 
1484  45.877    -22.196   139.0         3  whx+23 
1485  70.413    -7.382    47.1       15  dmo+24 

1486  90.368    7.308     46.7        8  whx+23 
1487  61.286    -14.852   83.1       17  whx+23 
1488  70.612    -9.151    6.9        10  dmo+24 
1489  85.429    2.108     121.0        13  mlk+24 
1490  89.057    4.376     228.6      17  whx+23 

1491  67.453    -12.944   11.2        6  dmo+24 
1492  59.361    -19.453   95.0          5  whx+23 
1493  87.206    1.618     167.07      8  mlk+24 
1494  70.688    -12.520   0.0           0  *
1495  79.133    -5.589    25.2       10  dmo+24 

1497  88.310    -1.445    0.0           0  *
1499  84.738    -5.158    88.0          5  whx+23 
1500  89.003    -1.266    203.0         2  mlk+24 

1501  73.817    -17.934   36.1       11  whx+23 
1502  65.013    -27.314   8.6         2  whx+23 
1503  65.030    -27.315   2.4         0  and93 
1504  87.195    -7.109    65.6       19  whx+23 
1505  92.633    -4.020    0.0           0  *

1507  97.521    -0.915    15.4        2  whx+23 
1509  92.574    -12.112   357.2      12  whx+23 
1510  95.768    -7.927    48.3       12  whx+23 

1511  79.931    -27.788   52.9        4  dmo+24 
1512  98.385    -7.598    16.3        3  whx+23 
1514  89.718    -22.807   32.5        0  dmo+24 
1515  106.647   2.949     18.0          0  mss+20 

1517  106.562   0.482     0.0           0  *
1518  82.809    -37.377   30.6       12  dmo+24 
1519  97.995    -26.326   22.9        7  dmo+24  

1522  108.961   -12.910   54.0       14  whx+23 
1524  106.530   -38.323   87.2        8  dmo+24 
